------------------------------------------

Entropy:  3.887904
------------------------------------------
IG		best_threshold	 n_lower	mean_lowers	 n_higher	mean_highers	 Feature
------------	------------	------------	------------	------------	------------	 ------------
0.01498076 	 -0.8128168 	 534 		 -1.294757 	 2017 		 0.3355659 	 1 _ ARP4
0.02029802 	 -0.6195986 	 742 		 -1.232006 	 1809 		 0.2206145 	 2 _ Amikacin
0.02654724 	 0.5425673 	 2180 		 -0.1010737 	 371 		 0.7766533 	 3 _ Amp
0.02177377 	 -0.6393056 	 236 		 -0.9026101 	 2315 		 0.1007675 	 4 _ Antimycin
0.02522992 	 0.9030351 	 2400 		 -0.06779078 	 151 		 1.731624 	 5 _ Ascididemin_Nat_prod
0.01227513 	 0.213739 	 1605 		 -0.3509662 	 946 		 0.6645116 	 6 _ BZA
0.02821101 	 -1.291031 	 489 		 -1.916663 	 2062 		 0.24935 	 7 _ CCCP
0.01900961 	 0.2810856 	 1824 		 -0.282323 	 727 		 0.7119547 	 8 _ CPZ
0.02377017 	 -0.6705419 	 797 		 -1.366399 	 1754 		 0.3814387 	 9 _ Cap
0.01594588 	 -0.1800162 	 824 		 -0.4052639 	 1727 		 0.2534549 	 10 _ Cephalexin
0.01911206 	 0.3760288 	 1786 		 -0.1738199 	 765 		 0.7745197 	 11 _ Cerulenin
0.01600156 	 0.489882 	 2002 		 -0.3568814 	 549 		 1.188906 	 12 _ Clofazimine
0.01835103 	 0.05186961 	 1372 		 -0.3157462 	 1179 		 0.4558358 	 13 _ Clotrimazole
0.01845482 	 -0.9226039 	 680 		 -1.845769 	 1871 		 0.6339489 	 14 _ DCCD
0.0136972 	 0.07591694 	 1381 		 -0.4147743 	 1170 		 0.5066307 	 15 _ DIPED
0.02772776 	 -1.534381 	 327 		 -2.120295 	 2224 		 0.1936663 	 16 _ DNP
0.01504053 	 0.05634357 	 1413 		 -0.4606218 	 1138 		 0.5976933 	 17 _ DTNB
0.02058202 	 -0.06693079 	 1276 		 -0.7418642 	 1275 		 0.6406441 	 18 _ DTT
0.02169043 	 0.1482066 	 1641 		 -0.2837097 	 910 		 0.4703288 	 19 _ Deferoxamine
0.01458711 	 0.4331497 	 2121 		 -0.1569321 	 430 		 0.8326459 	 20 _ Dipyridyl
0.01691546 	 -0.07647026 	 1103 		 -0.3892912 	 1448 		 0.3037569 	 21 _ EMB
0.02040548 	 -0.03147819 	 1186 		 -0.4573746 	 1365 		 0.4371696 	 22 _ Econazole
0.01907745 	 0.1618885 	 1548 		 -0.3251652 	 1003 		 0.6475688 	 23 _ Eta
0.01096055 	 0.3402199 	 1741 		 -0.2850985 	 810 		 0.9128913 	 24 _ GSNO
0.01016088 	 0.05734728 	 1666 		 -0.3509728 	 885 		 0.6919527 	 25 _ GSNO_CFZ
0.01531641 	 0.1654081 	 1597 		 -0.5445805 	 954 		 0.8797635 	 26 _ GSNO_CPZ
0.02026344 	 0.2264428 	 1545 		 -0.573207 	 1006 		 1.129368 	 27 _ GSNO_KCN
0.01071205 	 0.5471172 	 1950 		 -0.2847638 	 601 		 1.167706 	 28 _ GSNO_menadione
0.01414083 	 -0.8823307 	 131 		 -1.116059 	 2420 		 0.07219868 	 29 _ H2O2
0.02249436 	 -0.04476267 	 1214 		 -0.5226702 	 1337 		 0.5716832 	 30 _ INH
0.02593471 	 -1.574666 	 276 		 -2.010248 	 2275 		 0.2763865 	 31 _ KCN
0.02701657 	 0.4883728 	 2172 		 -0.1351136 	 379 		 0.9179404 	 32 _ Levo
0.01423124 	 -1.370565 	 296 		 -2.014427 	 2255 		 0.1723229 	 33 _ Min_med__succinate_
0.02915625 	 0.3974597 	 1914 		 -0.1795426 	 637 		 0.6853884 	 34 _ Mtm
0.01665114 	 0.1900393 	 1571 		 -0.5903854 	 980 		 0.9005104 	 35 _ NRP_1
0.02386477 	 -0.5968514 	 353 		 -1.027659 	 2198 		 0.2191003 	 36 _ NaN3
0.01326249 	 0.6987915 	 2287 		 -0.07649212 	 264 		 0.9956697 	 37 _ Nam
0.009043458 	 0.2780441 	 1586 		 -0.4503262 	 965 		 0.8856853 	 38 _ Nigericin
0.009787667 	 -1.328946 	 239 		 -1.88261 	 2312 		 0.1544512 	 39 _ Novobiocin
0.02764237 	 0.282405 	 1785 		 -0.2197755 	 766 		 0.7935462 	 40 _ Oflox
0.01414742 	 0.1549869 	 1454 		 -0.3212854 	 1097 		 0.5391064 	 41 _ PA_1
0.01955918 	 0.5819934 	 2151 		 -0.1320941 	 400 		 0.8766907 	 42 _ PA_21
0.03026969 	 -1.328366 	 324 		 -1.807073 	 2227 		 0.3031042 	 43 _ PA824
0.01140077 	 -0.663103 	 197 		 -0.8857003 	 2354 		 0.1377593 	 44 _ PZA
0.01396144 	 -0.5548384 	 542 		 -0.9662509 	 2009 		 0.164021 	 45 _ Palmitate
0.0211128 	 -0.4532202 	 805 		 -1.01265 	 1746 		 0.4856743 	 46 _ Procept_6776
0.01932745 	 0.2166673 	 1507 		 -0.2227318 	 1044 		 0.5625655 	 47 _ Procept_6778
0.01805062 	 -0.5856657 	 579 		 -1.1333 	 1972 		 0.3035267 	 48 _ Rif
0.01771567 	 -0.3583831 	 814 		 -0.7964398 	 1737 		 0.2088232 	 49 _ Rifp
0.02429749 	 0.9870081 	 2116 		 -0.6116244 	 435 		 1.933839 	 50 _ Rox
0.03288286 	 0.8844145 	 2284 		 -0.1154679 	 267 		 1.288404 	 51 _ SM
0.01454147 	 0.3451072 	 1896 		 -0.3273826 	 655 		 0.7992533 	 52 _ Succinate
0.01545494 	 -0.2279361 	 715 		 -0.4804447 	 1836 		 0.2609733 	 53 _ TLM
0.02485848 	 -0.6974075 	 451 		 -1.020483 	 2100 		 0.1196842 	 54 _ TRC
0.02358486 	 -0.740199 	 636 		 -1.291393 	 1915 		 0.2509481 	 55 _ TRZ
0.02153575 	 -0.4887078 	 1051 		 -1.61048 	 1500 		 0.7009416 	 56 _ Tet
0.02808226 	 0.508292 	 2078 		 -0.1563474 	 473 		 0.835231 	 57 _ UV
0.02151585 	 0.3947901 	 1726 		 -0.7980041 	 825 		 1.369903 	 58 _ Valinomycin
0.01075191 	 -1.012758 	 187 		 -1.487748 	 2364 		 0.1124931 	 59 _ Verapamil
0.01299082 	 0.3129769 	 1859 		 -0.2458502 	 692 		 1.04373 	 60 _ ZnSO4
0.01096142 	 0.6123091 	 2039 		 -0.2932303 	 512 		 1.279448 	 61 _ menadione
0.01327674 	 -0.1278702 	 1035 		 -0.6507275 	 1516 		 0.4654373 	 62 _ mercaptoethanol
0.01148609 	 0.1927149 	 1538 		 -0.3410961 	 1013 		 0.8542774 	 63 _ methoxatin
>
> 
> IG_list[order(sapply(IG_list,'[[',1))]
$Nigericin_f39
[1] 0.009043458

$Novobiocin_f40
[1] 0.009787667

$GSNO_CFZ_f26
[1] 0.01016088

$GSNO_menadione_f29
[1] 0.01071205

$Verapamil_f60
[1] 0.01075191

$GSNO_f25
[1] 0.01096055

$menadione_f62
[1] 0.01096142

$PZA_f45
[1] 0.01140077

$methoxatin_f64
[1] 0.01148609

$BZA_f7
[1] 0.01227513

$ZnSO4_f61
[1] 0.01299082

$Nam_f38
[1] 0.01326249

$mercaptoethanol_f63
[1] 0.01327674

$DIPED_f16
[1] 0.0136972

$Palmitate_f46
[1] 0.01396144

$H2O2_f30
[1] 0.01414083

$PA_1_f42
[1] 0.01414742

$Min_med__succinate__f34
[1] 0.01423124

$Succinate_f53
[1] 0.01454147

$Dipyridyl_f21
[1] 0.01458711

$ARP4_f2
[1] 0.01498076

$DTNB_f18
[1] 0.01504053

$GSNO_CPZ_f27
[1] 0.01531641

$TLM_f54
[1] 0.01545494

$Cephalexin_f11
[1] 0.01594588

$Clofazimine_f13
[1] 0.01600156

$NRP_1_f36
[1] 0.01665114

$EMB_f22
[1] 0.01691546

$Rifp_f50
[1] 0.01771567

$Rif_f49
[1] 0.01805062

$Clotrimazole_f14
[1] 0.01835103

$DCCD_f15
[1] 0.01845482

$CPZ_f9
[1] 0.01900961

$Eta_f24
[1] 0.01907745

$Cerulenin_f12
[1] 0.01911206

$Procept_6778_f48
[1] 0.01932745

$PA_21_f43
[1] 0.01955918

$GSNO_KCN_f28
[1] 0.02026344

$Amikacin_f3
[1] 0.02029802

$Econazole_f23
[1] 0.02040548

$DTT_f19
[1] 0.02058202

$Procept_6776_f47
[1] 0.0211128

$Valinomycin_f59
[1] 0.02151585

$Tet_f57
[1] 0.02153575

$Deferoxamine_f20
[1] 0.02169043

$Antimycin_f5
[1] 0.02177377

$INH_f31
[1] 0.02249436

$TRZ_f56
[1] 0.02358486

$Cap_f10
[1] 0.02377017

$NaN3_f37
[1] 0.02386477

$Rox_f51
[1] 0.02429749

$TRC_f55
[1] 0.02485848

$Ascididemin_Nat_prod_f6
[1] 0.02522992

$KCN_f32
[1] 0.02593471

$Amp_f4
[1] 0.02654724

$Levo_f33
[1] 0.02701657

$Oflox_f41
[1] 0.02764237

$DNP_f17
[1] 0.02772776

$UV_f58
[1] 0.02808226

$CCCP_f8
[1] 0.02821101

$Mtm_f35
[1] 0.02915625

$PA824_f44
[1] 0.03026969

$SM_f52
[1] 0.03288286
